time,x,y,z,phi,theta,psi,x_velocity,y_velocity,z_velocity,phi_velocity,theta_velocity,psi_velocity,rotor_speed1,rotor_speed2,rotor_speed3,rotor_speed4
0.06,8.375907354e-08,-4.69080988207e-09,2.00936760386,6.28318086077,6.28308217643,0.0,9.34858521715e-06,-4.70947608579e-07,0.312221574726,-0.000194880562645,-0.00539982653452,0.0,499.906978976,499.513462782,499.745925108,-499.728687281
0.12000000000000001,5.10463623998e-06,-2.40634619859e-07,2.03747115124,6.28313886922,6.28270128996,0.0,0.000204927945043,-1.09663742283e-05,0.624446689637,-0.00170098509805,-0.00831560359268,0.0,500.064815994,499.852517112,499.829764087,-499.707869855
0.18,3.28733586666e-05,-2.64761397982e-06,2.08430034737,6.28305292039,6.28229096748,0.0,0.000781013744634,-8.18026990364e-05,0.936325284232,-0.000873386467919,-0.00403733454348,0.0,500.022607936,500.334251684,499.932121224,-499.971172116
0.23999999999999996,0.000104879356457,-1.13762240981e-05,2.14980324757,6.28301375173,6.28220703061,0.0,0.00164002359301,-0.000215221409936,1.24682023545,-0.00018789004511,0.0034153906879,0.0,499.984629462,500.52727034,500.006241827,-500.025838026
0.3,0.000228559658662,-2.90434779479e-05,2.23386109754,6.28290200762,6.28243419874,0.0,0.00245361410216,-0.000381497992959,1.55474297919,-0.00541147915758,0.00451755153497,0.0,500.114386689,500.194575104,500.117838478,-499.697903582
0.36000000000000004,0.000394520414929,-6.12602844118e-05,2.33630577657,6.28234671909,6.28275601475,0.0,0.00303881497543,-0.000748622211065,1.85963656853,-0.0182977829037,0.00700425534589,0.0,500.008123142,500.189139412,500.291041961,-499.30364664
0.4200000000000001,0.000586287378334,-0.000134109096788,2.45695449535,6.28113498875,6.28313027942,0.0,0.00330079730645,-0.00183099510724,2.16146859425,-0.024259716596,0.00465880883383,0.0,500.312598773,500.141707634,500.01786669,-499.525993735
0.48000000000000015,0.00078439485571,-0.000305804424031,2.59561180745,6.27959223476,0.000252248354588,0.0,0.00326423488748,-0.00408746650233,2.45985032607,-0.0287598535343,0.00603055796486,0.0,500.188978572,500.288768083,500.12247654,-499.72827006
0.5400000000000001,0.000971755197584,-0.000654823190834,2.75204410395,6.27773017109,0.00064843904981,0.0,0.00293176596953,-0.00777774361369,2.75389993311,-0.0359919914592,0.00772455337708,0.0,500.263403866,500.386620866,500.080594063,-499.478273532
0.6000000000000002,0.0011282079163,-0.00127591428781,2.92597789676,6.27539298541,0.00120343468241,0.0,0.00221747335067,-0.0132122370634,3.04316947708,-0.0456200378897,0.0121383829503,0.0,500.141554076,500.462784698,500.134598146,-499.348605385
0.6600000000000003,0.00122610204971,-0.00228630746516,3.11712413493,6.27245806491,0.00200154191454,0.0,0.000947962332488,-0.0208262747181,3.32758721998,-0.056456239411,0.0155325543947,0.0,500.034633707,500.281693747,500.459951321,-499.577180116
0.7200000000000003,0.00122628172083,-0.0038316254447,3.3251610509,6.26896891933,0.00301331624257,0.0,-0.00106506053691,-0.0311158651472,3.60613713193,-0.0617519347591,0.0193989104605,0.0,499.955565726,500.237075778,500.11222174,-499.623834963
0.7800000000000004,0.00107879956709,-0.00608391140127,3.54972427357,6.26520967329,0.00426874288084,0.0,-0.00400251520405,-0.0444226701209,3.87841454646,-0.0644958820544,0.0238110389972,0.0,499.804917139,500.126324997,499.913159361,-499.60210839
0.8400000000000004,0.000722308056736,-0.00922937497656,3.79045080175,6.26128567502,0.00557911205288,0.0,-0.00805009953359,-0.0609018723531,4.14486708735,-0.0672463467337,0.0175724276771,0.0,500.204149671,499.749558675,500.092367891,-499.772693534
0.9000000000000005,9.2196577826e-05,-0.0134608645851,4.04697335506,6.2571951319,0.00642228299579,0.0,-0.013068680745,-0.0806360990961,4.40490812559,-0.0700768681546,0.00587325950296,0.0,500.570906073,499.718649089,499.956461914,-499.622828262
0.9600000000000005,-0.000855863973738,-0.0189758818644,4.31888535816,6.25286439022,0.00650604060722,0.0,-0.0185565148129,-0.103702158838,4.65781531741,-0.0767265130602,-0.00953890407844,0.0,500.633355436,499.510591421,499.936430596,-499.316235213
1.0200000000000005,-0.00212975178006,-0.0259800618568,4.60577147755,6.24808144308,0.00561903567544,0.0,-0.0238132508277,-0.130317405396,4.90401371026,-0.0864569406165,-0.0281621880248,0.0,500.882870647,499.526636034,500.039847984,-499.186627453
1.0800000000000005,-0.00369051661731,-0.03469661231,4.90722612377,6.24268525984,0.00372689069475,0.0,-0.0279884155731,-0.160843548594,5.14340422584,-0.0979731519151,-0.0393187639295,0.0,500.513315023,499.700356198,500.384724336,-499.393018841
1.1400000000000006,-0.00545099356456,-0.04537408219,5.22284609051,6.23667984273,0.00113259505405,0.0,-0.0303912509683,-0.195749474007,5.37616350377,-0.104673996657,-0.0525289713368,0.0,500.879085815,499.916478169,500.302345691,-499.652922614
1.2000000000000006,-0.00728786492201,-0.0582852985701,5.55220286186,6.23032929362,6.28098185828,0.0,-0.0304474574942,-0.23533324253,5.6012787015,-0.108264437349,-0.0625841611228,0.0,500.676818053,499.94288041,500.188428413,-499.757770637
1.2600000000000007,-0.00904442786786,-0.0737158773919,5.89484060215,6.2238637316,6.27702635467,0.0,-0.0276489114691,-0.279733505967,5.81884704579,-0.106749592197,-0.0736177741079,0.0,500.703686244,499.897483268,500.040558277,-499.974917382
1.3200000000000007,-0.0105357455485,-0.0919537044185,6.25031239634,6.21762509239,6.27238380485,0.0,-0.0215351976004,-0.328874166947,6.02906924368,-0.0989280904118,-0.0862079143422,0.0,500.930093275,500.009491163,499.830384954,-500.218527643
1.3800000000000008,-0.0115482570928,-0.113271400807,6.6181464712,6.21189544154,6.26700346509,0.0,-0.0116118616112,-0.38232358534,6.23092305729,-0.0893738229971,-0.0976955074643,0.0,500.667017567,499.82457957,499.635864693,-500.145826295
1.4400000000000008,-0.0118384332854,-0.137913305956,6.99785727084,6.20670131367,6.26107974015,0.0,0.00260322249636,-0.439604146788,6.4249615752,-0.0814659732789,-0.100877984563,0.0,500.245005376,500.005977939,499.763337504,-500.148845506
1.5000000000000009,-0.0111406831974,-0.166094651509,7.38897670496,6.20195982586,6.2549629133,0.0,0.0213280023539,-0.500240434123,6.61121591753,-0.07452938848,-0.104174141349,0.0,500.341099368,500.093279472,499.658850549,-499.969179319
1.560000000000001,-0.00918193496473,-0.19800622033,7.79106119029,6.1975437518,6.24863954606,0.0,0.0446467794252,-0.56389324626,6.7904665356,-0.071791984781,-0.10793590556,0.0,500.361996049,500.079645808,500.175896241,-500.175315509
1.620000000000001,-0.00568527685817,-0.233818122264,8.20366109259,6.19321607506,6.24215555784,0.0,0.0725999734044,-0.63022835414,6.9617396694,-0.0727919779546,-0.108328660698,0.0,500.265802432,500.228353772,500.090615329,-499.812707298
1.680000000000001,-0.000372096751155,-0.273689486308,8.62631221053,6.18879476082,6.23566404853,0.0,0.105186077986,-0.699208774848,7.12551524505,-0.075527800519,-0.107919772395,0.0,500.403787722,500.424696025,500.023341152,-499.61360586
1.740000000000001,0.00703283555672,-0.31777954182,9.05856413324,6.18433612849,6.2291842391,0.0,0.142310252443,-0.770854265523,7.28177698724,-0.0719684104043,-0.108151241083,0.0,500.473035061,500.447358465,499.741337965,-499.785454411
1.8000000000000012,0.0167994141556,-0.366246732374,9.49997572493,6.18000345615,6.22281144954,0.0,0.183890115364,-0.84508703826,7.43085142176,-0.0726867324564,-0.102597183597,0.0,500.306186486,500.701997866,499.980919795,-499.708819029
1.8600000000000012,0.0291884999874,-0.419242175265,9.95011333497,6.17587951096,6.21688070149,0.0,0.229673062454,-0.921779093721,7.57266200247,-0.0618017140581,-0.0922420017916,0.0,500.160184855,500.906728415,499.556511093,-500.125910053
1.9200000000000013,0.0444390839832,-0.476905107443,10.4085450535,6.17230397319,6.21175717997,0.0,0.27918496623,-1.00060094251,7.70734988519,-0.05549403157,-0.0743636327001,0.0,499.914850915,501.21097875,499.711893214,-499.944434569
1.9800000000000013,0.0627543816758,-0.539351809176,10.8748513377,6.16900316375,6.20756235065,0.0,0.331717542286,-1.08120022661,7.83517627481,-0.0540575178558,-0.0622427264543,0.0,500.042059942,500.921320395,500.026768768,-499.900556289
2.0400000000000014,0.0842952407692,-0.606683036409,11.3486220728,6.1657297321,6.20401269349,0.0,0.38662616809,-1.16340980223,7.95619167464,-0.05556300102,-0.0536195117439,0.0,500.273544319,500.899168832,500.009401215,-499.664826619
2.1000000000000014,0.109189121348,-0.678993346168,11.8294407919,6.1624267493,6.20094618863,0.0,0.44342845116,-1.24717368771,8.07013770453,-0.0540316659125,-0.046509194255,0.0,500.180639032,500.69698392,499.779815297,-499.652695884
2.1600000000000015,0.137541904616,-0.756379612493,12.3169233844,6.15926222415,6.19814454234,0.0,0.501884009914,-1.33259425037,8.17834366897,-0.0502707982002,-0.0470663975121,0.0,500.606422623,500.564836666,499.926745691,-499.958558624
2.2200000000000015,0.169447650624,-0.838936726467,12.8107245269,6.15644376091,6.19544745,0.0,0.561853631421,-1.41950408268,8.28078164821,-0.0410775197412,-0.0410269721637,0.0,500.488793572,500.927374168,499.876200857,-500.300583926
2.2800000000000016,0.204992302429,-0.926744485442,13.3104943664,6.15415655725,6.19307400201,0.0,0.623143658776,-1.50756163125,8.37733535088,-0.0327715108904,-0.0367701623307,0.0,500.444442817,500.753690226,500.107283168,-500.464035783
2.3400000000000016,0.244249328317,-1.01986234099,13.8158963747,6.15251910349,6.19083095381,0.0,0.685578209276,-1.59645035554,8.46855418711,-0.0181125680514,-0.0386409669294,0.0,500.809822412,500.673203385,500.000661252,-500.81703795
2.4000000000000017,0.287284023258,-1.11832380749,14.3265988324,6.15178280758,6.1883483013,0.0,0.74908187822,-1.68559748269,8.5540584776,-0.00258921124152,-0.0475036886315,0.0,500.92626653,500.280445631,500.021130184,-500.89763878
2.4600000000000017,0.334165224615,-1.22212537173,14.8422522623,6.15180468982,6.18537847465,0.0,0.813845161553,-1.77437817174,8.63362848834,0.00570776831725,-0.0538144160698,0.0,500.707896524,500.247192863,500.043790381,-500.39166735
2.520000000000002,0.384978707469,-1.33123444176,15.3625214286,6.15229078034,6.18206297027,0.0,0.880192234617,-1.86247460247,8.70795007151,0.0125113754034,-0.0583139381384,0.0,500.399358532,500.069914157,500.215645526,-500.451856838
2.580000000000002,0.439825337588,-1.44560227625,15.8870954277,6.15313952422,6.17851118295,0.0,0.948306496742,-1.9496411761,8.77715633099,0.0172359540037,-0.0610218332396,0.0,500.290661013,500.091363272,500.157075135,-500.239447016
2.640000000000002,0.498815674268,-1.56516889496,16.4156800129,6.15421383769,6.17480498225,0.0,1.018329211,-2.03575123332,8.84166615161,0.0192182164053,-0.0633092935707,0.0,500.380693656,500.211817386,500.087771768,-499.96806949
2.700000000000002,0.562067108628,-1.68986902742,16.9480029671,6.15558148513,6.17103375379,0.0,1.09035084602,-2.12074614699,8.90179679613,0.0291327641646,-0.0619584521347,0.0,500.08257142,500.17861793,499.970776647,-500.426528027
2.760000000000002,0.629700051748,-1.81963074997,17.4838112749,6.15762463019,6.1673989054,0.0,1.16436732734,-2.20442062172,8.95788229994,0.0424239643577,-0.0579599103224,0.0,499.921340925,500.21055153,499.979980761,-500.67966901
2.820000000000002,0.701830554911,-1.95436351899,18.0228693311,6.16039837653,6.16408839499,0.0,1.24024110532,-2.28638879442,9.01016445754,0.0529242368752,-0.0501199355187,0.0,499.765191652,500.334814731,500.147128704,-500.642235996
2.880000000000002,0.778559903075,-2.09395117691,18.5649332148,6.16378975633,6.16125754448,0.0,1.31761670557,-2.3662065167,9.05812599992,0.0628947695911,-0.0418713827669,0.0,499.390744802,499.991185427,500.112885332,-500.568474524
2.940000000000002,0.859972714282,-2.23825999511,19.1097851938,6.16773102995,6.15895429845,0.0,1.3963077284,-2.4437212282,9.10314159288,0.0707610016759,-0.0322004623341,0.0,499.385507477,500.090135367,500.327004153,-500.62841756
3.000000000000002,0.946134437666,-2.38714164995,19.6572315528,6.17214579062,6.15718272275,0.0,1.47586243271,-2.51860551723,9.14465185271,0.0786933481435,-0.0246533192108,0.0,499.306151717,499.856481624,500.189383805,-500.495079329
3.0600000000000023,1.03709032449,-2.54043508551,20.2070938499,6.17697063889,6.1557392561,0.0,1.55607758212,-2.59075344319,9.18371021425,0.0836530290161,-0.0228926542533,0.0,499.480191267,499.608625611,500.470785412,-500.559341846
3.1200000000000023,1.13287341235,-2.69797033239,20.759219746,6.18206126559,6.15445284444,0.0,1.63675779675,-2.659986036,9.22013839844,0.0871271946815,-0.018683177708,0.0,499.458574098,499.765653464,500.363126496,-500.342896416
3.1800000000000024,1.23351038613,-2.85957193231,21.3134734007,6.18727126099,6.1533743813,0.0,1.7178527631,-2.72629431303,9.25466260896,0.0862431308127,-0.0165932740366,0.0,499.610757896,499.763273152,500.642385183,-500.303862994
3.2400000000000024,1.33902136357,-3.02506402203,21.8697359606,6.19248831039,6.15248528779,0.0,1.79921010704,-2.78968018376,9.2871255641,0.0883323889534,-0.0114856184022,0.0,499.606678209,499.979213842,500.443623578,-500.320368153
3.3000000000000025,1.44942008055,-3.19427393068,22.4279045346,6.19769722441,6.15190017737,0.0,1.88074886005,-2.85022451789,9.31821941483,0.0835998816795,-0.00649202077826,0.0,499.874300321,500.238332111,500.738453591,-500.117420468
3.3600000000000025,1.56470919747,-3.36703233583,22.9878818485,6.20262416412,6.15150149862,0.0,1.96220078306,-2.90799468782,9.34743512679,0.0789741042508,-0.00695167111799,0.0,500.09665485,500.063273348,500.661117082,-500.046034475
3.4200000000000026,1.68488117688,-3.54317903903,23.5495597381,6.20736572112,6.15106647953,0.0,2.04351376137,-2.96319342788,9.37491845435,0.0791322785269,-0.00785442881579,0.0,500.185160712,500.119505625,500.388755511,-500.12056324
3.4800000000000026,1.80992638889,-3.72256221108,24.1128223742,6.21198666197,6.15067336922,0.0,2.12464294908,-3.01588771615,9.40028139258,0.0724115780139,-0.00406613008306,0.0,499.796306893,500.07255085,500.548671721,-499.778236557
3.5400000000000027,1.93983485022,-3.90503754929,24.6775667536,6.21621158949,6.15051573844,0.0,2.20559927421,-3.06630302965,9.42431972507,0.0660957580696,0.00010590335669,0.0,499.876077008,500.18017846,500.516911233,-499.774232004
3.6000000000000028,2.07458737594,-4.09047358647,25.2436848168,6.22017004018,6.15055352417,0.0,2.28609114353,-3.11460941686,9.44609048675,0.0657323653687,0.00165752165372,0.0,499.623515188,499.736657977,500.146263905,-499.835821823
3.660000000000003,2.21415779442,-4.27875042242,25.8110807059,6.22422697794,6.15065486948,0.0,2.36618794864,-3.16099660171,9.46692934871,0.0711387603089,0.00175215316957,0.0,499.646152811,499.653017684,500.140941347,-500.250189785
3.720000000000003,2.35852100784,-4.46975085683,26.3796986847,6.22856789507,6.15074050723,0.0,2.44585176305,-3.20537533126,9.48684807333,0.0746652506899,0.000769472188832,0.0,499.742038896,499.670345802,500.262477834,-500.234705291
3.780000000000003,2.50765068518,-4.66335029991,26.9494816155,6.23327355663,6.15090620437,0.0,2.52506931796,-3.24761008608,9.50578351857,0.0850509731271,0.00647495756295,0.0,499.594463527,500.010401142,499.913691542,-500.385781458
3.840000000000003,2.66151646828,-4.8594134042,27.5203688007,6.23870761753,6.15133442707,0.0,2.60369573897,-3.28744723535,9.52369816285,0.0997857901611,0.00842944325969,0.0,499.787687465,499.930056929,499.551430837,-500.342049699
3.900000000000003,2.82008219678,-5.05778579511,28.0923308784,6.24506747399,6.15183048078,0.0,2.68172703676,-3.32451726043,9.54164914317,0.116174365013,0.00794180670239,0.0,499.923835736,499.888161656,499.737243337,-500.65012606
3.960000000000003,2.98330941347,-5.25828630972,28.6653600228,6.2522950357,6.15228423676,0.0,2.75908423075,-3.35831544973,9.55930409869,0.127880168845,0.00679316023813,0.0,499.862516977,499.778649521,499.963035822,-500.537564565
4.020000000000002,3.15116085669,-5.46070652329,29.2394593856,6.26012484807,6.15266339823,0.0,2.83587538397,-3.38845750681,9.57734568906,0.135270113434,0.00535445492791,0.0,500.00409378,499.899118555,500.226466952,-500.488789157
4.080000000000001,3.32360361154,-5.66481818526,29.8146526692,6.26829842234,6.15304176242,0.0,2.91213199308,-3.41466652609,9.59578337714,0.138071143904,0.00814452441546,0.0,499.831098838,500.03436383,500.5854813,-500.514957475
4.14,3.50060187069,-5.87038012464,30.3909449671,6.27667895363,6.15360741649,0.0,2.98770878432,-3.43678528426,9.613999317,0.142701890068,0.0118775826103,0.0,499.634067117,499.906131986,500.448408292,-500.511944492
4.199999999999998,3.68211256635,-6.07714338351,30.9683383938,0.00222996289089,6.15439239766,0.0,3.06252547283,-3.45468410424,9.63250825476,0.150851578472,0.0153910044815,0.0,499.584357359,499.840430938,500.354464629,-500.675689382
4.259999999999997,3.86808601933,-6.28484840574,31.5468550503,0.0112496562944,6.15530323298,0.0,3.13645145306,-3.46814529941,9.65145992625,0.149261355789,0.0147564128007,0.0,499.791019514,499.744615973,500.632144913,-500.245888251
4.319999999999996,4.05846598532,-6.4932254493,32.1265160791,0.0202938548571,6.15627596881,0.0,3.20940671134,-3.4770839616,9.67065690779,0.153531092861,0.0189755221427,0.0,499.51633268,499.823909757,500.352260372,-500.392895962
4.379999999999995,4.25319428225,-6.70200070972,32.707356526,0.0296510425276,6.15746591623,0.0,3.281372432,-3.48139205758,9.69078671137,0.16039750071,0.0214933802885,0.0,499.693818949,499.877322415,500.325657502,-500.556950518
4.439999999999993,4.45220390977,-6.91089076991,33.2894062019,0.039449906678,6.15872464395,0.0,3.35210788296,-3.48087277921,9.71098529638,0.168581470534,0.0199293229695,0.0,499.815738937,499.70162894,499.944762637,-500.274829279
4.499999999999992,4.65542386552,-7.11959705421,33.8726981948,0.0496667761609,6.15988298469,0.0,3.42172561754,-3.47522474577,9.73220311251,0.173475107102,0.0180283584209,0.0,499.992953107,499.85429613,500.016069974,-500.109037502
4.559999999999991,4.86278854163,-7.32780433938,34.4572915083,0.0603405240035,6.16104322632,0.0,3.49026997989,-3.46420217719,9.75436649663,0.185515579662,0.0218344799477,0.0,499.711839741,499.989231094,499.892090685,-500.508230154
4.6199999999999894,5.0742301428,-7.53518147706,35.0432268773,0.0716145716968,6.16235170648,0.0,3.55760601687,-3.4474942122,9.77696133945,0.192280967988,0.0217549999644,0.0,499.835889178,499.830046294,499.820888877,-500.057086516
4.679999999999988,5.28967554421,-7.74137634478,35.6305448202,0.0832231520354,6.163676616,0.0,3.62372877471,-3.42475484528,9.80045416108,0.195760652697,0.0227275365509,0.0,499.779550393,499.850413837,499.893053101,-499.892405545
4.739999999999987,5.50905208244,-7.94601958824,36.2193064598,0.0951383976369,6.16509332109,0.0,3.68863511879,-3.39574186773,9.82508078163,0.203704318453,0.025323830844,0.0,499.649264578,499.838573251,499.873666137,-500.200552809
4.799999999999986,5.73228328179,-8.14872773227,36.8095706729,0.107541961388,6.1667069029,0.0,3.75219976934,-3.36020167865,9.85054698655,0.212161518837,0.0298595885532,0.0,499.58845889,499.919268721,499.745411427,-500.113552486
4.859999999999984,5.9592855238,-8.34909780029,37.4013992897,0.120365300964,6.16849473889,0.0,3.81431375863,-3.31775616879,9.87722927058,0.216667143868,0.0296723497642,0.0,499.704346441,499.690858321,500.035075246,-500.118639767
4.919999999999983,6.18996908004,-8.54670659749,37.9948644855,0.133372465492,6.17017736144,0.0,3.87491400779,-3.26812801928,9.90508175326,0.217020417782,0.0245699563649,0.0,499.921123464,499.549164966,500.244123637,-500.027127513
4.979999999999982,6.42424670271,-8.74111702951,38.590038692,0.146618036136,6.17152551315,0.0,3.93414553602,-3.21112040551,9.93416276514,0.227335906603,0.0178970113656,0.0,499.961720287,499.47507879,500.129030319,-500.639466835
5.0399999999999805,6.66204122476,-8.93188060474,39.1869736265,0.160492838198,6.17252978689,0.0,3.99218188754,-3.14650425836,9.96375492016,0.238088471863,0.0143127022623,0.0,500.068152307,499.806771612,499.817502673,-500.365350246
